20
5 6
47 99 58 374 53 57
51 94 70 15 93 75
28 80 40 92 95 39
62 22 58 10 9 993
137 1 69 22 670 3
5 5
24 31 539 95 32
72 28 73 17 8
57 67 79 14 545
2 8 8 31 72
10 46 724 98 87
6 6
38 32 37 86 32 36
79 78 11 74 622 243
44 723 23 17 95 8
10 29 70 728 85 9
7 52 31 11 292 13
54 21 71 37 39 12
5 6
80 30 28 13 449 47
94 94 75 7 649 239
82 50 76 233 68 52
69 9 819 87 23 92
67 1 72 31 63 72
5 6
95 27 159 263 2 40
689 71 33 62 9 65
15 53 6 73 614 17
264 46 151 64 2 13
93 85 32 17 55 12
6 6
82 76 801 73 50 96
941 86 360 14 3 92
73 108 79 14 19 60
740 43 59 68 57 96
55 0 863 84 32 56
79 1 96 98 725 35
6 6
29 460 17 149 24 62
1 79 10 2 71 94
59 94 87 73 95 28
80 483 48 171 81 69
288 45 4 30 50 526
3 45 21 241 10 45
6 5
479 63 10 374 86
94 88 76 80 76
33 3 4 67 58
32 47 45 68 48
54 59 130 81 96
44 58 21 93 32
6 5
954 4 6 96 93
57 64 84 1 793
35 15 16 438 40
81 39 68 59 72
37 24 94 79 734
33 90 83 77 9
5 6
24 460 309 78 7 0
17 91 93 953 59 33
60 63 97 26 79 95
39 2 62 22 59 95
659 83 28 75 34 57
6 6
83 33 7 31 66 32
31 13 55 31 77 230
69 34 82 174 33 53
864 37 15 73 82 52
67 558 85 26 31 62
25 49 26 20 98 61
6 6
31 79 37 45 32 65
50 88 52 190 56 45
93 67 30 56 21 64
57 36 56 90 62 1
60 88 84 452 537 183
23 979 36 4 82 19
6 5
42 16 77 74 68
5 9 49 48 89
85 51 10 58 26
14 86 64 90 70
96 50 66 78 99
47 84 992 565 77
6 5
58 62 23 11 85
497 75 72 70 63
18 51 64 52 33
78 31 11 391 591
80 51 56 96 176
50 80 30 6 17
6 5
97 61 37 11 89
1 58 30 43 46
13 65 31 81 0
56 857 1 32 14
48 624 48 64 29
16 661 2 69 21
5 5
48 2 11 80 68
24 521 52 0 32
48 54 31 546 7
74 431 87 37 72
81 8 66 52 16
6 6
60 2 58 57 39 8
877 531 78 79 1 56
47 48 58 68 0 759
75 72 75 40 48 85
39 72 67 75 36 90
435 58 60 96 62 827
5 6
9 15 83 34 88 58
28 96 24 11 13 41
53 518 2 62 32 492
63 91 17 45 98 22
30 83 96 30 27 90
6 5
6 0 262 598 696
3 86 686 86 43
95 34 14 3 46
1 13 56 507 334
48 80 47 28 594
43 47 875 26 7
5 6
95 75 43 602 73 19
4 91 61 59 91 63
18 42 18 19 97 793
622 291 459 23 583 84
71 43 81 74 467 36
