6
180
1 2
3 2
3 1
4 5
5 6
6 4
7 8
9 7
8 9
1 2
3 2
3 1
4 5
5 6
6 4
7 8
9 7
8 9
1 2
3 2
3 1
4 5
5 6
6 4
7 8
9 7
8 9
1 2
3 2
3 1
4 5
5 6
6 4
7 8
9 7
8 9
1 2
3 2
3 1
4 5
5 6
6 4
7 8
9 7
8 9
1 2
3 2
3 1
4 5
5 6
6 4
7 8
9 7
8 9
1 2
3 2
3 1
4 5
5 6
6 4
7 8
9 7
8 9
1 2
3 2
3 1
4 5
5 6
6 4
7 8
9 7
8 9
1 2
3 2
3 1
4 5
5 6
6 4
7 8
9 7
8 9
1 2
3 2
3 1
4 5
5 6
6 4
7 8
9 7
8 9
1 2
3 2
3 1
4 5
5 6
6 4
7 8
9 7
8 9
1 2
3 2
3 1
4 5
5 6
6 4
7 8
9 7
8 9
1 2
3 2
3 1
4 5
5 6
6 4
7 8
9 7
8 9
1 2
3 2
3 1
4 5
5 6
6 4
7 8
9 7
8 9
1 2
3 2
3 1
4 5
5 6
6 4
7 8
9 7
8 9
1 2
3 2
3 1
4 5
5 6
6 4
7 8
9 7
8 9
1 2
3 2
3 1
4 5
5 6
6 4
7 8
9 7
8 9
1 2
3 2
3 1
4 5
5 6
6 4
7 8
9 7
8 9
1 2
3 2
3 1
4 5
5 6
6 4
7 8
9 7
8 9
1 2
3 2
3 1
4 5
5 6
6 4
7 8
9 7
8 9
278
11 3
22 26
2 26
17 28
23 2
2 21
27 9
9 28
2 26
4 6
20 25
24 4
16 10
15 29
14 4
24 27
24 24
24 13
11 2
16 24
18 30
8 10
7 26
9 26
11 18
23 25
22 25
25 3
3 22
29 21
2 16
3 14
10 18
21 17
15 7
14 11
10 16
12 11
2 17
12 6
20 27
17 11
30 23
13 11
13 8
17 9
4 25
30 28
7 21
6 16
8 17
8 28
25 8
27 4
5 24
1 20
24 27
15 1
17 14
1 25
11 16
21 20
25 2
6 19
22 18
30 4
2 25
16 21
12 24
25 11
26 7
9 24
4 30
12 7
9 8
21 13
1 1
3 25
8 30
5 14
2 19
30 10
9 13
5 25
23 18
27 27
15 5
20 25
13 8
16 29
15 6
13 8
10 26
8 4
12 29
8 4
15 21
20 10
11 25
26 29
28 2
9 27
3 4
29 5
3 11
29 28
17 24
12 21
15 13
30 14
29 20
24 3
10 12
15 27
4 11
7 29
27 19
26 29
15 25
19 25
5 1
13 9
9 3
30 20
3 27
19 29
8 15
6 29
9 17
25 11
15 1
2 19
5 15
29 10
19 21
5 17
15 18
26 7
14 5
26 17
16 12
12 28
22 12
13 14
17 14
19 22
27 19
5 7
20 27
8 26
22 11
29 1
6 17
20 22
25 21
17 14
20 26
13 5
6 25
3 20
19 24
4 8
19 30
5 21
7 2
8 6
24 8
4 18
15 12
9 1
25 16
2 5
21 1
12 8
2 29
13 29
15 13
30 30
17 30
27 30
25 29
16 7
28 8
7 30
24 17
13 6
20 21
20 9
15 23
17 26
27 5
15 9
14 6
18 27
7 19
7 15
22 30
4 15
7 27
10 27
1 2
29 12
21 29
19 12
14 5
8 7
1 16
24 20
3 9
2 8
10 28
21 13
21 2
28 4
30 29
7 5
17 18
13 29
10 25
20 16
17 11
1 21
9 9
15 2
22 17
13 13
7 22
30 14
9 13
19 16
23 6
30 20
14 21
2 25
12 14
14 7
15 28
2 10
13 8
28 10
1 28
15 3
16 22
13 19
13 21
15 5
9 30
23 19
12 30
11 21
13 12
7 9
6 17
3 9
28 21
24 2
19 18
18 17
20 25
26 13
9 14
27 28
19 26
27 23
24 11
24 8
17 15
17 14
11 12
15 27
28 22
13 29
12 2
10 12
27 5
18 13
28 10
4 22
158
26 17
17 20
20 2
2 22
22 24
24 26
26 17
17 24
24 23
23 6
6 18
18 30
30 22
22 7
7 23
23 18
18 7
7 4
4 14
14 1
1 28
28 28
28 26
26 20
20 9
9 6
6 21
21 15
15 30
30 29
29 25
25 4
4 11
11 30
30 6
6 24
24 7
7 9
9 24
24 19
19 11
11 11
11 30
30 18
18 27
27 17
17 10
10 9
9 20
20 19
19 5
5 4
4 1
1 20
20 24
24 26
26 5
5 3
3 17
17 25
25 3
3 9
9 1
1 5
5 10
10 26
26 22
22 10
10 3
3 4
4 23
23 22
22 27
27 15
15 24
24 11
11 27
27 4
4 20
20 12
12 7
7 27
27 14
14 5
5 14
14 9
9 27
27 10
10 27
27 12
12 25
25 19
19 1
1 9
9 9
9 26
26 8
8 9
9 14
14 27
27 10
10 29
29 27
27 19
19 22
22 20
20 28
28 8
8 18
18 29
29 29
29 23
23 14
14 9
9 11
11 6
6 9
9 4
4 13
13 25
25 23
23 4
4 7
7 6
6 8
8 17
17 25
25 2
2 26
26 25
25 24
24 4
4 9
9 8
8 30
30 8
8 28
28 20
20 2
2 21
21 17
17 10
10 3
3 8
8 30
30 28
28 29
29 21
21 28
28 24
24 15
15 16
16 23
23 16
16 27
27 13
13 28
28 26
236
20 21
21 12
12 20
20 5
5 24
24 5
5 21
21 3
3 30
30 18
18 24
24 19
19 24
24 16
16 20
20 6
6 29
29 21
21 22
22 16
16 9
9 20
20 3
3 8
8 4
4 23
23 10
10 13
13 25
25 25
25 27
27 17
17 1
1 21
21 3
3 26
26 28
28 23
23 14
14 8
8 29
29 28
28 30
30 12
12 22
22 16
16 2
2 1
1 3
3 17
17 20
20 3
3 14
14 17
17 12
12 5
5 18
18 12
12 5
5 15
15 7
7 15
15 30
30 27
27 5
5 11
11 24
24 2
2 24
24 13
13 14
14 9
9 6
6 13
13 19
19 18
18 21
21 10
10 25
25 9
9 22
22 22
22 13
13 25
25 12
12 2
2 30
30 25
25 26
26 2
2 16
16 24
24 14
14 23
23 11
11 8
8 6
6 28
28 22
22 26
26 21
21 9
9 10
10 14
14 6
6 8
8 30
30 6
6 8
8 10
10 18
18 5
5 7
7 21
21 29
29 19
19 3
3 23
23 16
16 23
23 29
29 19
19 10
10 17
17 29
29 26
26 16
16 9
9 2
2 9
9 29
29 11
11 27
27 29
29 10
10 15
15 30
30 17
17 30
30 17
17 16
16 22
22 23
23 13
13 26
26 18
18 3
3 24
24 17
17 29
29 13
13 10
10 2
2 6
6 20
20 11
11 6
6 22
22 29
29 9
9 10
10 5
5 27
27 26
26 10
10 6
6 19
19 28
28 24
24 8
8 24
24 10
10 19
19 5
5 27
27 26
26 13
13 14
14 11
11 12
12 23
23 9
9 15
15 30
30 10
10 24
24 10
10 22
22 14
14 30
30 5
5 11
11 11
11 9
9 12
12 29
29 30
30 26
26 8
8 23
23 8
8 24
24 24
24 10
10 23
23 12
12 2
2 23
23 12
12 28
28 14
14 24
24 11
11 24
24 29
29 16
16 13
13 18
18 27
27 3
3 30
30 14
14 14
14 15
15 10
10 14
14 15
15 9
9 6
6 6
6 21
21 27
27 16
16 21
21 20
20 20
227
5 18
18 20
14 28
8 16
9 29
27 18
3 17
17 16
19 25
9 30
24 23
9 16
23 11
22 9
26 30
16 10
13 14
11 4
19 7
22 20
16 9
9 16
18 5
6 21
8 6
15 8
1 6
29 16
3 4
17 5
7 17
17 12
2 17
8 13
9 29
15 13
16 23
20 22
2 9
6 12
10 27
9 7
13 16
14 15
7 11
3 10
3 12
13 22
8 3
9 8
22 27
18 30
29 14
4 11
11 18
10 18
25 14
15 6
9 20
6 7
13 13
8 26
27 5
18 18
22 15
9 11
25 10
22 5
11 7
28 21
27 1
6 22
22 17
4 1
25 12
20 2
30 14
13 13
18 5
22 12
11 7
4 19
22 30
4 27
28 5
3 30
27 26
18 28
21 16
9 14
28 9
16 8
5 12
12 20
27 25
12 3
12 8
28 28
20 12
6 4
19 22
7 21
6 3
1 10
6 24
19 14
7 17
17 4
25 11
3 25
7 3
17 3
22 7
10 3
23 10
5 1
12 27
5 19
4 19
16 6
11 12
22 5
30 4
9 16
8 28
13 13
4 24
25 22
21 29
12 30
19 10
23 20
14 11
5 19
14 12
4 21
4 2
23 28
7 4
28 7
6 18
11 2
6 24
19 18
8 8
8 21
23 25
25 16
15 19
16 18
24 3
5 9
15 21
23 10
19 11
21 19
25 7
11 22
21 23
21 1
7 29
10 13
5 25
28 6
6 8
1 13
14 12
11 26
6 21
9 27
20 22
29 24
3 28
22 3
5 25
11 13
10 29
26 8
9 26
19 12
26 15
13 13
27 19
6 25
14 6
22 10
12 3
14 10
15 18
11 26
19 30
1 22
22 1
17 17
6 24
13 10
22 23
4 7
3 22
20 1
5 13
10 12
20 27
22 23
12 19
6 29
22 17
11 16
26 18
16 19
28 5
12 18
6 10
5 10
12 14
30 10
5 8
9 30
19 4
30 7
2 15
25 28
13 19
6 11
6 24
15 6
6 20
11
14 3
3 16
16 16
16 21
21 13
13 20
20 20
20 13
13 26
26 19
19 14

