527 734
1 2 283823333
2 3 10647520
3 4 125117088
4 5 727952190
5 6 471650830
6 7 113932413
7 8 115974872
8 9 1013553268
9 10 181973925
10 11 10930794
11 12 17184221
12 13 18391588
13 14 278102522
14 15 72847125
15 16 184380750
16 17 19170777
17 18 256659050
18 19 44356365
19 20 175313376
20 21 16089084
21 22 223462886
22 23 177742877
23 24 323869296
24 25 302797495
25 26 501869376
26 27 177300216
27 28 367489920
28 29 366452856
29 30 23142724
30 31 226063926
31 32 490727853
32 33 189862800
33 34 471220956
34 35 2310759
35 36 19132278
36 37 241829910
37 38 128993928
38 39 236494044
39 40 66504503
40 41 199574866
41 42 235885013
42 43 88238763
43 44 94897431
44 45 325433992
45 46 87745389
46 47 38434527
47 48 47419650
48 49 268361104
49 50 110671374
50 51 206285934
51 52 44824300
52 53 359359910
53 54 284879336
54 55 106482614
55 56 668642925
56 57 189482700
57 58 125564740
58 59 30370603
59 60 662221314
60 61 146323826
61 62 41981121
62 63 561407868
63 64 248878900
64 65 113672944
65 66 412727721
66 67 74916550
67 68 1045869540
68 69 610885557
69 70 765106768
70 71 73025816
71 72 553091968
72 73 6640704
73 74 33171831
74 75 19872468
75 76 445941734
76 77 619793737
77 78 25553862
78 79 45505328
79 80 1060458776
80 81 156939824
81 82 273973456
82 83 862226028
83 84 362585727
84 85 54157280
85 86 371288456
86 87 78773211
87 88 287008740
88 89 83008940
89 90 127387260
90 91 116726740
91 92 50585766
92 93 96651958
93 94 391327320
94 95 22654632
95 96 118294311
96 97 165043902
97 98 129800550
98 99 442760372
99 100 43210783
100 101 23380500
101 102 603125712
102 103 47906859
103 104 51112992
104 105 24202440
105 106 52299702
106 107 105633915
107 108 143784000
108 109 91603668
109 110 325264743
110 111 392105532
111 112 433991487
112 113 259737840
113 114 896393645
114 115 160936968
115 116 184766928
116 117 1059528888
117 118 68971875
118 119 293724516
119 120 224183295
120 121 613479960
121 122 508881420
122 123 266350968
123 124 871435420
124 125 342559500
125 126 761851998
126 127 292327200
127 128 49211745
128 129 69000722
129 130 273407841
130 131 161347768
131 132 287524536
132 133 266955456
133 134 435342600
134 135 391988748
135 136 416667651
136 137 106620924
137 138 489954528
138 139 217767368
139 140 70202297
140 141 461065500
141 142 971030316
142 143 162050409
143 144 617700
144 145 134108615
145 146 173845925
146 147 18126256
147 148 66436306
148 149 776284261
149 150 644786572
150 151 32799156
151 152 15674148
152 153 346536265
153 154 28829015
154 155 58733055
155 156 201268695
156 157 487603160
157 158 13530900
158 159 149518208
159 160 147178732
160 161 225830640
161 162 448733172
162 163 60753312
163 164 115508574
164 165 122258182
165 166 373304626
166 167 94543680
167 168 24310200
168 169 410967004
169 170 972174070
170 171 155165097
171 172 86911200
172 173 323824585
173 174 106838144
174 175 406562656
175 176 232614816
176 177 470959580
177 178 186882919
178 179 113615148
179 180 888691485
180 181 91447840
181 182 352001490
182 183 149685600
183 184 591561484
184 185 142210383
185 186 267507746
186 187 230992299
187 188 315917536
188 189 420238887
189 190 4988775
190 191 434372250
191 192 42786060
192 193 407637723
193 194 77958770
194 195 157723972
195 196 246021930
196 197 151464075
197 198 38290413
198 199 288644163
199 200 92832422
200 201 305914882
201 202 157159184
202 203 466969882
203 204 85908068
204 205 154374528
205 206 18225700
206 207 615731012
207 208 563129406
208 209 387380448
209 210 930702192
210 211 47577375
211 212 89062904
212 213 8061767
213 214 643535142
214 215 27384133
215 216 109393504
216 217 83442528
217 218 292842256
218 219 745513926
219 220 11117577
220 221 38748227
221 222 626718576
222 223 122440374
223 224 241700808
224 225 28758390
225 226 201982170
226 227 253878945
227 228 57119580
228 229 50561019
229 230 594870285
230 231 103170915
231 232 315551376
232 233 286911024
233 234 132621790
234 235 172101272
235 236 307945869
236 237 333746000
237 238 119186196
238 239 281467725
239 240 10858556
240 241 402969074
241 242 363457428
242 243 12355854
243 244 220064670
244 245 110052912
245 246 262923039
246 247 412666614
247 248 352782176
248 249 316482460
249 250 18195947
250 251 91463904
251 252 115643014
252 253 927811989
253 254 281504124
254 255 10077800
255 256 319917024
256 257 22778496
257 258 101959924
258 259 251127583
259 260 116639540
260 261 106830548
261 262 342041274
262 263 222901326
263 264 13897290
264 265 230308548
265 266 72657992
266 267 27509565
267 268 63903045
268 269 33293184
269 270 969999876
270 271 7938605
271 272 216159828
272 273 166384368
273 274 26635622
274 275 175250130
275 276 334664250
276 277 146918560
277 278 34192200
278 279 128915250
279 280 149127600
280 281 4176570
281 282 450410913
282 283 48908050
283 284 159829785
284 285 146304596
285 286 954829920
286 287 997205624
287 288 250645509
288 289 504132434
289 290 326507178
290 291 416938960
291 292 163720320
292 293 654883602
293 294 737206303
294 295 282927952
295 296 264021430
296 297 72106372
297 298 24224184
298 299 148768880
299 300 51579099
300 301 23290542
301 302 122688150
302 303 2631459
303 304 325022625
304 305 600858187
305 306 482242740
306 307 158131584
307 308 31012161
308 309 454344390
309 310 88957840
310 311 56743874
311 312 212701956
312 313 469963674
313 314 551810688
314 315 791076000
315 316 598298130
316 317 31584960
317 318 543158220
318 319 541615571
319 320 176758842
320 321 28946160
321 322 127428620
322 323 365165632
323 324 299710688
324 325 396891264
325 326 19141540
326 327 428211442
327 328 428759452
328 329 37976696
329 330 21185164
330 331 52098700
331 332 345525516
332 333 581312334
333 334 379007250
334 335 11135908
335 336 546848028
336 337 2397707
337 338 107493301
338 339 38855124
339 340 95112033
340 341 751811304
341 342 280591010
342 343 112932554
343 344 263757966
344 345 116873497
345 346 713038342
346 347 108610740
347 348 163627974
348 349 52693920
349 350 394810640
350 351 842775799
351 352 167263595
352 353 173070298
353 354 528984116
354 355 871423101
355 356 40788156
356 357 239642109
357 358 255763047
358 359 306862754
359 360 138622980
360 361 624251980
361 362 25444440
362 363 508609885
363 364 210880860
364 365 499786416
365 366 423324150
366 367 191796256
367 368 85459725
368 369 66699234
369 370 138000030
370 371 26464893
371 372 174285540
372 373 245298156
373 374 673018571
374 375 664821465
375 376 119290500
376 377 238826060
377 378 82505790
378 379 39722160
379 380 22917078
380 381 388084742
381 382 156248422
382 383 92416830
383 384 288272860
384 385 594111765
385 386 3921456
386 387 38918840
387 388 389357122
388 389 398391804
389 390 96876402
390 391 203840280
391 392 32255772
392 393 2946998
393 394 113919510
394 395 778740743
395 396 242031393
396 397 17293518
397 398 851499030
398 399 140515210
399 400 220142285
400 401 180343021
401 402 42412656
402 403 21780864
403 404 40691651
404 405 355337973
405 406 141066658
406 407 35637545
407 408 291259000
408 409 255210035
409 410 898680
410 411 60683462
411 412 169676280
412 413 83625920
413 414 360167827
414 415 62700800
415 416 48541504
416 417 52457301
417 418 30646000
418 419 110964672
419 420 52478140
420 421 688011474
421 422 21505392
422 423 641364729
423 424 74499216
424 425 740144532
425 426 78316803
426 427 46203456
427 428 625850784
428 429 368201379
429 430 128072160
430 431 533356448
431 432 669619526
432 433 488044566
433 434 239378720
434 435 292706454
435 436 187725558
436 437 2730840
437 438 10160040
438 439 93055980
439 440 72972915
440 441 547748566
441 442 14953910
442 443 234546766
443 444 461848755
444 445 35071218
445 446 503214180
446 447 123247488
447 448 556848075
448 449 189059255
449 450 23707112
450 451 56618408
451 452 345322812
452 453 603936000
453 454 605123220
454 455 117305890
455 456 25387124
456 457 837275472
457 458 18484220
458 459 89694010
459 460 7937780
460 461 621936670
461 462 253852895
462 463 235816512
463 464 85024800
464 465 256433457
465 466 48845628
466 467 99914430
467 468 12816356
468 469 327160827
469 470 73173620
470 471 59573035
471 472 862577900
472 473 66985623
473 474 158517216
474 475 40541184
475 476 321149596
476 477 462617650
477 478 379941415
478 479 469178128
479 480 202701674
480 481 270512908
481 482 646256880
482 483 386563752
483 484 4317300
484 485 434664984
485 486 481031424
486 487 192840480
487 488 233019246
488 489 63574277
489 490 13877808
490 491 8723976
491 492 10257461
492 493 16798948
493 494 31657092
494 495 482553764
495 496 311339592
496 497 439323985
497 498 510363974
498 499 288126532
499 500 23120283
500 501 4783260
501 502 149019607
502 503 86381520
503 504 65835673
504 505 40520316
505 506 73382784
506 507 47165880
507 508 22624008
508 509 194181550
509 510 131241448
510 511 350128520
511 512 8033788
512 513 31359100
513 514 167051976
514 515 5698998
515 516 161486823
516 517 35362244
517 518 63419136
518 519 276790266
519 520 392360415
520 521 353803355
521 522 860917383
522 523 31382148
523 524 168101325
524 525 62436445
525 526 420681195
526 527 1998640
475 147 459077106
432 173 329960223
239 218 566106513
399 246 51686015
428 457 198559368
130 506 45331002
199 517 5466604
358 296 184440662
359 44 379471908
369 346 356431635
125 351 16426655
402 55 111961224
108 242 130805265
301 270 109426410
13 82 70356903
184 47 386766963
334 455 342693856
72 189 536347772
23 284 285594036
345 350 43932240
276 241 89280708
41 131 376929980
285 43 441793165
89 104 434115422
130 434 328871307
458 275 312590360
294 93 96603198
86 62 259275528
163 104 507558532
395 489 270434997
269 155 109650060
197 232 5441695
305 318 147475440
401 23 575703835
513 266 64031520
358 224 281408765
318 478 42122344
80 305 76701898
383 22 47999616
510 432 26753274
99 444 308631582
422 326 209164065
79 241 685639008
526 520 143725032
439 91 122541705
81 205 207198978
7 155 654845568
474 168 372703000
349 38 89470164
198 208 690994470
273 356 424018675
21 7 6199699
394 343 613538772
109 433 46753791
366 478 1504634
31 102 591268356
327 42 427188735
97 263 66389772
98 463 79905636
11 178 48233334
254 191 3900668
130 72 32569272
253 486 713266601
146 20 308191100
378 153 93999440
451 176 249708274
493 75 282609984
112 412 419724320
203 19 464159032
320 213 246475044
494 238 191514099
269 377 2272325
147 485 139926
420 146 273972000
493 136 285401996
379 132 415318904
498 252 571239396
397 168 67817152
67 75 313565000
63 283 279409105
352 437 79419308
371 273 444722382
357 480 120402516
27 524 21303896
19 449 483226128
47 105 367333460
359 285 251959408
499 514 246378360
145 255 646997971
267 362 304475064
208 75 12638628
12 186 14075733
394 451 9673986
73 92 48364092
477 287 603529764
408 67 50386050
184 185 351007943
512 23 110463388
339 37 52550650
16 436 127829772
349 46 841396494
8 429 57964732
410 501 229522348
325 191 246056866
522 81 58745677
143 440 354677076
4 522 503552649
220 192 404605
210 16 20826352
502 262 636975866
260 142 66356357
170 111 269326495
268 321 160306971
180 394 329192652
245 331 862600
434 380 130048815
318 375 91643188
66 308 564777546
144 383 242413780
171 342 273489302
469 25 146945203
316 242 796787955
69 280 292918461
346 50 514063863
412 177 156659224
344 465 678840660
104 478 401410805
340 241 11027485
82 232 611550305
457 385 44341953
362 450 153703810
45 448 460369059
246 377 628915896
316 343 506048154
9 245 276418393
412 25 6746340
188 102 197113472
142 352 131497023
353 211 315321893
213 232 615264
27 349 59806635
512 66 794653860
462 314 17124774
527 237 101143796
22 222 691375648
460 339 108041626
156 303 712248992
447 253 73020640
501 467 686827386
283 185 496658412
219 110 81141248
78 266 358213802
264 130 667401500
173 9 185466600
518 510 85708194
125 16 843731955
140 427 694896800
100 338 57802552
254 395 1011479532
387 357 275870084
92 113 848901414
310 217 327309120
7 125 34404378
27 506 254573445
254 302 107309156
496 154 444332427
411 294 251305908
167 31 14234744
465 28 449597492
196 419 276160810
271 26 1530896
525 402 348808694
400 15 233854866
113 212 541241284
458 362 87150042
151 286 201515566
65 299 79145404
179 118 264748150
248 353 295866522
43 294 517090235
493 205 135083600
385 276 26766568
367 291 540076072
46 438 216033756
416 482 391977482
143 295 394742511
42 102 649345279
135 142 100722420
219 494 577871130
80 342 231153681
183 337 54830545
1 378 276520409
43 171 906365468
283 246 208160514
206 508 154827408
125 235 499982864
485 262 323216992
46 155 84613428
346 512 104386600
281 360 43551676
317 111 476076470
424 315 250202430
161 454 233809478
360 141 522390762
202 413 108695940
478 278 423944064
409 57 837547614
261 410 705184838
6
30 335
421 324
269 498
259 172
160 505
192 307
